1040
1050
1051
1052
1053
1054
1055
1056
1057
1060
1061
1062
1063
1066
1067
1068
1069
1070
1091
1093
1094
1095
1114
1116
1120
1122
1125
1131
1137
1138
1139
1141
1142
1144
1145
1147
1149
1151
1152
1153
1155
1157
1159
1160
1162
1182
1183
1184
1208
1210
1212
1213
1214
1215
1216
1217
1218
1219
1220
1221
1222
1223
1224
1225
1226
1227
1228
1231
1233
1234
1235
1236
1237
1238
1239
1240
1241
1242
1243
1246
1247
1248
1249
1250
1251
1252
1253
1254
1279
1282
1289
1293
1294
1296
1300
1303
1307
1309
1310
1313
1326
1327
1328
1329
1334
1335
1337
1338
1339
1340
1344
1345
1349
1350
1353
1354
1355
1357
1358
1359
1360
1363
1369
1370
1372
1379
1381
1382
1383
1384
1385
1386
1387
1388
1390
1391
1392
1395
1396
1398
1400
1401
1403
1404
1406
1407
1408
1409
1410
1411
1412
1413
1414
1415
1416
1417
1418
1419
1420
1421
1422
1426
1427
1428
1429
1430
1431
1432
1433
1434
1435
1436
1437
1439
1441
1442
1443
1444
1445
1446
1447
1448
1450
1451
1452
1453
1454
1458
1460
1461
1462
1463
1465
1466
1467
1468
1470
1471
1472
1473
1475
1476
1477
1478
1481
1482
1484
1486
1487
1489
1490
1491
1493
1494
1495
1496
1497
1501
1502
1503
1504
1505
1506
1510
1512
1514
1516
1519
1521
1522
1523
1525
1526
1527
1530
1534
1535
1536
1557
1558
1559
1570
1571
1572
1573
1574
1577
1578
1581
1582
1583
1584
1585
1590
1592
1600
1601
1602
1606
1607
1608
1609
1610
1611
1612
1613
1615
1616
1618
1619
1620
1621
1622
1623
1625
1626
1628
1629
1630
1632
1633
1635
1637
1638
1639
1641
1642
1643
1644
1647
1648
1656
1657
1658
1693
1694
1695
1696
1698
1699
1700
1701
1702
1727
1733
1734
1742
1747
1749
1750
1751
1752
1753
1754
1755
1757
1759
1760
1761
1762
1763
1764
1765
1766
1767
1768
1769
1770
1772
1774
1775
1777
1778
1779
1786
1787
1788
1789
1790
1792
1794
1795
1796
1797
1799
1800
1801
1802
1803
1804
1805
1806
1808
1809
1810
1811
1812
1813
1815
1816
1817
1818
1820
1821
1824
1825
1827
1830
1831
1833
1834
1835
1837
1838
1840
1841
1843
1844
1846
1847
1850
1851
1852
1854
1855
1856
1858
1859
1860
1862
1863
1864
1865
1866
1867
1868
1869
1874
1875
1876
1877
1878
1879
1880
1882
1883
1884
1885
1886
1888
1889
1890
1891
1893
1894
1895
1896
1898
1899
1900
1901
1902
1903
1904
1906
1907
1908
1909
1910
1915
1918
1919
1921
1934
1935
1936
1937
1938
1939
1940
1941
1942
1943
1945
1946
1948
1949
1960
1962
1964
1965
1966
1967
1968
1969
1971
1972
1973
1974
1975
1976
1977
1978
1979
1981
1982
1983
1986
1987
1988
1990
1991
1992
1994
1995
1996
1999
2001
2002
2018
2024
2025
2046
2047
2062
2063
2069
2071
2081
2082
2084
2085
2087
2088
2089
2097
2102
2114
2115
2117
2125
2126
2127
2129
2130
2133
2135
2137
2138
2141
2142
2143
2144
2145
2150
2163
2165
2166
2167
2169
2170
2171
2172
2173
2177
2178
2179
2180
2181
2183
2184
2185
2186
2188
2189
2190
2192
2193
2194
2195
2196
2208
2209
2210
2211
2212
2213
2214
2215
2216
2220
2221
2222
2223
2224
2225
2226
2227
2228
2229
2230
2231
2232
2233
2234
2235
2237
2238
2239
2240
2241
2242
2243
2336
2337
2338
2339
2340
2341
2342
2343
2345
2346
2347
2350
2351
2352
2353
2354
2355
2356
2358
2359
2360
2361
2375
2376
2377
2378
2379
2380
2381
2382
2383
2384
2385
2386
2387
2388
2389
2390
2391
2392
2395
2396
2398
2399
2401
2405
2406
2408
2413
2414
2415
2417
2439
2440
2441
2442
2443
2444
2446
2447
2448
2449
2450
2451
2452
2453
2456
2457
2458
2460
2461
2462
2463
2464
2466
2467
2468
2473
2474
2475
2476
2477
2482
2483
2484
2485
2486
2487
2488
2489
2490
2491
2492
2493
2494
2495
2496
2497
2500
2501
2506
2507
2508
2509
2510
